  
size(200, 100);
background(153);

line(0,100,7,80);
line(7,80,7,60);
line(7,60,12,50);
line (12,50,17,60);
line(17,60,23,50);
line(23,50,28,60);
line(28,60,43,60);
line(43,60,43,55);
line(43,55,45,50);
line(45,50,45,30);
line(45,30,43,28);
line(43,28,43,23);
line(43,23,48,20);
line(48,20,53,23);
line(53,23,53,28);
line(53,28,73,28);
line(73,28,73,23);
line(73,23,70,20);
line(70,20,78,0);
line(78,0,86,20);
line(86,20,83,23);
line(83,23,83,38);
line(83,38,85,40);
line(85,40,85,45);
line(85,45,95,45);
line(95,45,105,55);
line(105,55,105,20);
line(105,20,103,20);
line(103,20,111,0);
line(111,0,119,20);
line(119,20,117,20);
line(117,20,117,55);
line(117,55,122,40);
line(122,40,127,55);
line(127,55,140,55);
line(140,55,143,48);
line(143,48,146,55);
line(146,55,146,70);
line(146,70,150,75);
line(150,75,150,85);
line(150,85,165,100);
